200 231
117 226
174 184
117 122
236 239
145 146
282 301
112 168
227 235
282 298
117 147
173 181
399 400
281 285
221 242
1 2
386 393
225 234
305 312
265 291
405 406
176 184
197 200
234 238
222 255
234 240
104 145
35 36
58 113
378 393
166 190
373 374
206 239
108 122
157 169
272 285
330 338
346 386
351 355
272 377
61 62
67 211
296 299
259 281
196 198
352 355
318 353
339 346
91 108
87 103
8 23
42 54
70 87
258 259
359 362
2 6
49 51
140 145
226 227
354 363
176 183
118 144
148 162
328 386
150 152
272 328
291 314
42 44
195 259
367 388
150 159
216 259
198 199
196 215
100 103
46 50
149 150
154 177
337 338
9 14
284 297
261 294
117 233
142 147
345 354
75 81
91 99
94 100
207 241
318 381
257 263
261 300
265 314
38 42
143 144
348 364
109 122
118 134
140 187
347 348
318 371
198 202
357 359
340 345
201 204
291 295
262 282
397 399
41 54
267 297
174 178
38 100
51 178
181 208
164 165
304 325
95 105
353 360
84 112
89 103
272 355
196 239
288 292
295 314
118 130
163 192
380 382
200 202
113 120
178 179
28 44
297 314
401 408
148 219
43 44
263 291
170 174
317 325
173 176
272 312
117 126
335 374
212 244
328 379
380 384
267 292
154 160
44 92
64 69
141 166
235 241
272 354
235 239
298 299
198 201
188 265
291 296
292 314
74 78
96 100
117 131
243 249
51 64
299 301
152 158
9 15
333 344
215 220
318 386
90 97
86 103
76 77
179 253
42 43
56 125
121 124
208 210
347 356
159 164
272 365
272 369
190 228
197 205
255 265
330 349
195 299
264 282
288 295
379 386
259 299
56 57
74 87
113 115
198 239
122 134
233 235
81 119
376 382
258 284
32 50
51 142
169 170
115 190
236 237
16 17
216 265
43 93
100 111
153 177
195 196
261 281
277 308
103 107
259 296
232 233
279 280
371 403
148 161
157 199
148 160
292 324
174 176
236 238
207 219
39 42
149 172
60 78
293 309
103 108
280 294
367 407
97 101
144 147
169 182
95 109
376 381
2 50
87 89
10 26
285 294
104 105
43 45
285 299
272 336
197 207
231 244
171 212
224 228
151 161
13 15
262 288
45 51
265 308
291 294
172 233
100 105
188 272
101 102
201 207
375 380
156 161
310 325
147 215
116 138
51 125
231 240
195 229
286 315
326 330
144 146
39 45
64 112
74 105
91 110
177 182
175 176
259 260
257 288
173 175
37 48
288 296
202 209
91 103
147 161
163 202
198 236
195 323
345 365
349 367
284 287
333 335
378 387
291 293
161 215
118 122
211 215
291 299
267 294
120 127
155 160
118 125
247 250
225 239
306 308
55 64
66 146
292 300
223 243
219 240
51 143
195 199
265 266
237 241
176 193
328 378
397 398
356 366
171 218
214 217
346 371
118 121
307 309
197 199
265 327
389 399
294 298
345 364
153 161
50 133
354 356
104 107
264 301
224 237
226 241
347 358
37 39
260 285
99 109
235 266
149 152
44 87
293 297
221 268
403 407
74 76
84 144
216 258
17 18
161 162
197 231
154 162
8 16
173 183
164 166
340 372
326 327
260 263
125 146
80 81
265 281
273 286
351 359
58 124
199 218
100 101
326 334
219 251
148 174
60 61
122 156
148 171
121 125
170 179
91 98
282 314
91 118
91 105
263 307
175 178
294 302
231 234
236 240
327 332
375 399
117 178
229 230
70 78
213 243
198 248
229 238
341 342
304 305
156 165
19 76
233 237
285 293
39 58
348 368
263 266
347 366
54 74
226 233
149 151
386 389
280 281
50 58
153 162
137 138
198 207
318 384
173 235
268 269
339 356
191 217
204 247
378 386
39 48
127 133
215 244
354 369
2 39
1 6
228 229
216 260
294 314
235 260
176 180
152 164
141 142
38 51
279 308
287 295
25 30
202 207
120 122
336 338
266 267
112 125
188 264
169 185
123 127
217 244
341 372
235 313
196 209
179 232
295 298
281 283
39 41
285 296
41 71
72 73
6 9
230 361
127 128
218 219
47 78
181 200
275 278
152 161
14 16
174 183
260 261
69 81
113 188
154 179
117 171
280 297
19 20
351 356
3 16
354 355
192 202
100 134
164 181
329 378
116 136
113 133
3 5
235 238
264 281
188 298
17 19
50 51
171 224
19 75
207 214
197 198
70 74
221 270
102 103
59 60
341 343
179 182
206 219
331 333
232 251
259 265
149 165
355 359
318 377
196 227
339 350
192 259
197 235
121 142
299 314
66 67
173 179
132 168
315 325
128 134
113 122
39 43
156 164
104 109
87 94
125 129
126 143
210 214
102 106
14 23
267 299
335 338
94 101
202 219
151 204
35 51
115 136
195 207
202 237
304 307
112 140
28 52
56 74
272 341
93 107
291 300
387 410
47 55
118 127
12 20
179 255
117 132
163 193
332 333
272 356
152 155
121 144
31 32
71 97
58 144
285 301
38 74
201 219
240 246
48 49
356 369
165 207
335 362
278 315
293 301
261 290
170 181
249 250
73 128
282 297
132 190
156 179
39 40
210 247
97 100
75 95
389 393
161 164
249 294
282 288
226 239
18 19
152 165
170 175
139 142
106 116
58 171
188 287
281 293
327 368
109 111
170 177
346 347
140 144
134 208
345 346
223 237
387 389
340 343
116 121
345 351
90 109
177 184
260 293
195 235
138 142
90 104
229 240
85 100
96 103
67 68
259 262
148 152
196 232
226 237
278 303
149 154
156 162
120 128
193 199
44 71
291 323
156 219
380 383
121 122
123 134
234 236
283 314
82 83
196 241
355 365
154 157
376 380
376 384
237 238
206 215
284 301
389 410
393 399
194 219
346 348
113 172
53 55
117 182
223 240
272 319
335 395
197 240
281 287
125 130
37 43
73 122
284 298
161 218
170 183
291 292
50 179
230 362
229 231
113 187
38 95
210 212
231 235
378 382
159 160
259 293
293 299
202 238
27 44
307 310
112 172
242 243
67 76
120 133
172 203
262 314
205 207
164 178
188 190
292 297
126 131
171 175
274 278
204 230
389 403
367 386
231 237
41 44
147 218
202 213
94 104
329 379
329 341
66 100
207 239
259 267
33 69
229 232
296 312
148 149
356 365
146 147
373 400
321 322
157 162
265 326
225 233
268 288
359 363
132 230
376 379
195 277
216 281
93 104
295 296
196 199
305 310
404 407
123 129
385 400
51 100
210 230
262 265
74 81
192 193
117 127
165 183
358 359
5 9
226 232
126 134
233 247
257 292
341 354
150 155
332 334
346 394
342 343
258 260
372 400
295 302
355 357
331 334
122 168
12 36
235 263
261 264
196 206
296 300
51 190
307 308
7 37
144 168
190 242
297 299
198 200
332 357
188 259
264 278
233 240
59 61
113 134
257 264
348 356
199 231
261 262
112 122
60 65
143 168
244 252
216 257
282 296
120 125
376 377
118 128
209 250
273 278
195 205
270 271
219 238
155 156
280 317
263 292
267 282
404 405
307 319
235 247
348 365
262 299
333 363
347 364
245 252
342 350
281 292
283 298
371 402
198 241
212 243
161 169
347 357
62 63
235 287
335 404
306 309
339 344
200 219
152 154
112 124
327 366
188 308
198 231
292 307
221 249
32 41
195 287
229 237
19 74
33 35
112 190
352 357
339 349
112 129
225 230
191 193
188 230
178 183
389 392
117 188
10 14
327 371
219 241
223 224
117 118
26 32
41 52
227 233
199 207
63 70
198 204
122 133
257 265
201 240
51 112
38 109
257 266
199 235
194 204
179 185
11 15
167 168
197 229
238 239
389 404
345 352
202 206
50 176
328 339
149 167
274 309
340 367
376 383
327 338
169 179
163 244
230 245
216 262
265 298
39 70
13 18
87 116
306 321
208 211
345 348
319 320
149 171
262 301
172 175
209 212
283 288
360 363
105 147
165 171
194 207
120 126
247 287
93 118
211 243
154 155
230 331
118 136
170 178
208 212
161 188
381 383
264 296
367 392
305 306
131 132
378 379
339 367
138 146
265 293
148 158
50 117
5 12
66 161
239 241
123 160
149 157
95 102
381 384
232 239
55 75
262 263
227 236
9 12
258 268
347 354
202 204
95 147
161 212
87 110
100 109
179 181
166 255
197 236
71 87
358 365
157 160
284 299
178 180
260 297
346 359
81 82
259 266
293 295
309 324
162 164
249 302
18 20
178 184
356 357
345 388
376 386
403 406
93 106
348 352
195 292
330 361
265 321
93 131
197 204
211 213
126 129
288 304
139 145
51 117
345 385
283 294
122 132
124 144
171 177
200 204
10 11
101 110
199 239
95 114
263 265
371 393
335 375
90 102
357 364
102 108
109 133
319 325
165 219
247 252
100 116
258 263
120 168
291 297
107 109
266 296
280 308
360 361
407 408
99 103
224 230
346 358
261 270
6 12
161 181
209 243
272 358
209 227
182 183
51 57
232 234
118 123
206 210
235 270
242 244
57 115
210 243
183 184
284 291
305 307
272 373
42 45
315 317
211 227
399 402
195 218
225 240
158 164
237 248
377 383
287 296
148 157
297 298
226 229
103 128
100 108
47 70
56 81
261 296
168 190
272 331
207 226
235 294
288 297
146 165
188 189
195 291
219 222
103 109
230 336
258 267
225 237
335 386
84 85
123 126
341 367
326 372
366 367
153 159
332 373
359 385
120 134
387 404
341 368
235 262
37 71
235 264
386 400
161 192
308 312
50 123
169 176
25 32
91 101
132 246
153 160
195 206
176 179
36 51
391 394
125 215
50 165
95 103
132 228
351 365
399 404
120 141
227 241
345 387
72 122
235 259
121 130
99 104
294 295
361 362
209 211
234 235
281 296
42 74
287 300
78 81
234 239
85 158
58 132
178 185
354 358
363 367
117 148
154 175
60 62
235 240
50 169
16 23
393 402
172 173
351 352
105 106
28 29
167 187
54 64
265 267
298 301
97 103
27 30
77 81
292 299
244 264
112 167
198 227
340 359
101 109
235 244
2 72
258 282
309 312
375 400
386 387
207 235
385 394
191 192
37 41
272 333
228 331
213 219
76 85
346 369
249 256
288 299
282 291
157 173
232 245
161 178
204 219
195 283
284 300
1 51
100 110
197 239
156 160
247 248
219 227
228 230
50 175
3 9
24 71
318 328
192 213
93 99
263 288
197 227
44 69
161 174
208 214
332 351
318 376
132 133
152 160
400 409
193 214
272 318
385 386
94 99
155 158
8 12
218 245
122 125
106 107
161 163
345 347
204 228
93 96
263 300
108 109
257 287
210 211
197 241
285 291
95 112
379 380
374 408
51 71
206 214
50 188
188 284
332 356
266 294
272 371
285 295
201 202
48 81
334 362
333 361
66 72
215 217
85 161
96 102
97 110
389 408
397 405
126 128
196 207
265 294
169 183
258 294
268 271
263 297
193 194
293 305
380 381
281 298
112 187
179 183
150 160
261 268
198 240
306 312
207 231
196 229
336 367
351 357
164 182
51 74
195 202
174 181
182 206
188 283
44 78
90 106
128 133
140 141
259 292
138 145
377 380
148 154
272 321
287 291
359 369
42 88
123 140
230 334
268 292
91 100
276 277
252 257
171 174
374 388
374 379
124 126
124 130
228 343
382 384
27 29
240 241
356 361
7 48
257 262
122 123
196 237
112 120
197 232
113 175
117 214
163 176
217 218
354 357
191 215
249 257
9 39
19 77
287 288
279 295
258 288
108 124
4 8
277 278
265 283
196 204
175 219
93 95
383 384
274 275
257 260
327 330
28 47
330 373
122 126
85 153
55 74
97 108
193 312
101 103
283 291
67 77
206 231
10 16
197 248
270 292
251 254
120 129
132 140
33 36
276 286
213 242
281 284
155 162
103 106
281 288
297 307
117 121
84 87
94 110
264 298
352 358
174 182
7 22
257 295
224 240
257 312
42 105
400 401
302 311
177 183
375 379
103 111
346 385
95 115
265 301
132 189
171 172
8 48
193 202
161 214
11 14
112 130
129 130
8 15
230 335
288 303
197 219
183 219
205 219
345 356
87 117
140 190
24 25
345 386
112 115
125 144
124 129
282 284
149 158
233 238
219 230
280 321
312 325
181 182
94 103
45 74
129 144
71 85
17 20
209 252
51 136
39 65
120 140
281 282
213 230
229 235
378 384
201 229
229 241
231 233
244 247
149 155
37 51
341 355
257 300
151 165
295 299
48 50
204 227
97 109
333 334
289 301
117 168
87 118
264 267
99 107
163 194
387 395
284 314
272 307
197 202
262 284
150 156
9 19
282 294
192 212
110 131
345 391
66 74
374 399
69 80
123 124
245 255
335 367
352 356
359 365
180 206
289 290
152 156
102 133
197 216
198 232
195 264
348 359
41 42
93 102
233 248
96 99
139 141
99 110
130 132
400 410
367 408
47 75
148 173
177 178
229 239
267 298
51 72
196 200
346 378
335 400
88 95
94 105
121 129
132 188
163 206
165 181
50 171
159 162
76 78
120 124
372 376
292 312
170 180
349 368
308 318
195 241
369 371
118 129
385 389
42 77
259 264
10 13
148 175
142 143
214 224
208 227
148 178
376 378
148 188
167 190
148 164
125 128
283 297
57 70
90 103
95 106
158 181
50 142
46 47
227 237
235 258
329 359
399 407
265 299
208 242
287 301
288 291
228 272
296 301
93 94
230 239
51 141
106 110
152 153
176 219
235 291
42 62
93 103
188 300
345 357
359 364
115 183
221 230
355 358
148 179
2 70
44 73
37 65
406 407
54 55
44 75
283 287
272 290
91 125
340 350
330 334
333 372
6 14
158 161
148 165
174 177
341 377
292 293
320 322
210 242
272 376
283 295
88 105
263 287
264 265
226 231
37 40
164 174
160 161
181 198
8 11
285 300
122 161
94 96
258 314
266 293
81 87
155 157
181 183
125 214
195 260
257 281
56 58
38 40
151 152
235 288
328 382
306 324
268 270
72 78
304 312
13 26
178 181
192 252
227 228
261 291
318 383
151 183
3 4
150 161
316 318
282 283
123 125
393 395
142 166
33 63
335 389
180 181
264 308
320 321
157 159
389 407
169 177
257 267
93 101
235 257
139 140
220 221
187 245
225 241
95 108
332 361
401 406
195 262
75 77
264 295
148 181
198 237
341 344
11 26
231 239
56 112
251 253
195 265
176 181
296 298
240 244
367 378
93 110
328 377
335 356
171 184
259 261
173 177
71 84
9 10
258 265
91 94
229 236
28 42
262 283
272 351
197 233
283 292
38 78
81 88
101 105
200 233
371 384
42 72
100 104
341 349
212 242
299 300
85 140
262 267
169 174
181 187
294 297
29 44
90 91
260 277
51 240
358 363
60 63
117 187
169 181
229 250
275 308
11 32
331 341
50 126
40 52
204 231
353 356
158 159
345 394
206 238
282 295
175 184
175 181
8 14
348 355
28 41
50 144
288 300
280 293
150 151
284 288
128 129
260 262
148 151
229 233
93 108
13 23
354 365
283 285
345 374
235 292
257 291
91 122
113 124
163 247
188 270
118 146
150 158
330 363
44 45
42 73
208 213
9 26
288 294
53 54
195 248
207 233
56 75
141 144
154 183
11 13
253 254
168 187
279 317
341 345
361 363
43 54
281 295
58 172
195 198
121 134
129 133
41 57
93 109
16 35
272 324
171 179
359 380
219 236
102 110
228 319
151 160
175 177
113 132
102 107
155 165
283 301
381 382
94 109
97 106
375 385
285 288
43 105
335 361
196 202
359 379
297 300
59 62
294 301
154 164
340 349
329 380
128 136
367 400
105 110
261 298
42 100
10 12
212 213
193 201
206 207
257 259
112 177
99 105
315 316
195 216
95 122
263 267
379 381
318 389
124 149
132 134
157 161
330 332
347 351
287 304
159 161
84 95
126 146
96 104
195 261
269 271
51 191
353 368
379 382
209 242
151 177
262 295
332 336
180 183
199 229
51 223
337 359
404 410
169 175
259 294
63 75
333 338
347 365
109 110
250 257
306 320
334 338
347 355
10 23
12 16
91 102
117 124
44 77
306 310
329 382
205 209
235 299
74 86
13 16
265 296
188 286
331 332
333 340
199 202
32 44
50 173
28 30
96 107
188 215
12 23
66 152
304 309
284 305
17 23
293 314
232 241
266 297
353 362
27 41
38 39
104 110
275 301
129 134
177 179
66 68
211 212
346 357
201 235
339 359
116 129
319 322
97 99
121 140
341 382
175 206
195 257
75 78
195 258
272 327
174 179
154 165
94 146
158 162
77 78
226 235
318 378
214 215
71 88
200 207
328 348
121 123
88 121
84 100
7 21
158 160
90 100
327 331
230 242
152 159
199 228
67 170
312 323
260 287
294 299
179 180
67 181
128 146
88 91
179 254
235 314
150 164
180 184
223 228
260 266
287 293
15 16
153 164
348 371
124 132
29 30
134 171
308 317
377 381
64 110
133 168
261 263
126 167
196 201
346 356
288 305
319 321
42 56
71 74
362 363
235 265
4 90
216 261
101 113
103 110
86 91
13 14
166 188
215 219
257 282
12 17
113 125
59 76
262 264
348 351
124 131
227 238
378 380
305 309
14 15
283 284
148 150
327 369
148 183
302 303
14 19
208 209
375 377
166 174
42 71
8 13
5 7
272 357
148 170
232 240
195 204
259 263
24 47
8 10
345 359
202 205
265 292
324 325
194 244
196 197
249 252
198 219
367 406
173 185
100 120
127 132
344 367
153 155
278 309
151 157
181 207
37 42
99 123
345 358
154 159
221 235
40 51
48 51
258 264
124 125
120 121
261 265
328 376
294 296
340 353
113 114
195 200
201 241
70 106
107 110
132 222
109 120
58 190
127 129
3 8
400 404
328 329
335 387
96 126
176 178
280 284
140 142
282 293
154 158
195 263
41 45
228 321
272 291
272 297
389 400
287 314
384 389
122 131
151 154
50 178
154 169
200 244
169 173
90 101
331 350
121 132
192 217
12 14
197 201
42 58
37 62
55 63
348 358
306 307
200 201
115 146
219 231
158 165
195 215
207 238
50 136
305 308
9 13
353 359
27 28
192 247
50 172
170 182
1 5
372 373
397 400
366 371
208 218
206 237
264 292
197 206
273 275
153 181
170 176
199 206
339 341
360 362
298 318
341 350
169 184
281 299
171 214
226 228
272 294
296 314
149 164
260 294
329 366
337 355
41 43
91 104
257 314
161 175
265 307
287 298
294 300
193 244
226 230
265 274
165 173
118 120
72 74
11 48
327 337
232 237
334 361
330 372
149 160
56 78
51 67
39 64
281 294
199 255
227 231
123 146
317 319
102 105
151 155
202 232
310 312
118 133
272 305
272 338
354 364
150 154
100 102
259 314
160 181
283 296
110 140
84 142
181 199
51 168
73 115
120 163
42 51
122 129
257 258
318 329
303 311
5 6
233 239
272 348
95 104
230 272
67 208
244 248
91 95
147 235
374 375
231 232
263 264
270 277
369 376
225 236
4 12
105 113
95 100
272 346
284 292
329 376
195 197
374 380
83 87
353 371
259 295
348 361
196 236
51 133
192 194
156 181
172 215
328 384
71 73
335 342
152 157
282 292
148 182
56 113
115 171
122 124
115 177
188 222
333 373
90 93
288 301
371 388
264 299
149 166
153 154
272 314
287 294
155 181
8 9
316 317
94 102
171 228
85 150
125 133
51 127
352 364
225 228
293 294
123 132
95 110
118 126
222 244
288 298
153 165
3 12
111 112
209 247
273 274
216 264
225 226
121 127
272 359
282 287
196 231
103 105
258 262
355 356
181 202
195 210
160 162
127 130
400 408
198 222
103 123
127 131
163 215
239 240
351 358
265 288
165 177
340 365
155 159
71 105
1 50
188 309
33 34
248 277
371 407
42 93
191 194
51 165
169 171
41 55
120 123
195 237
352 359
85 167
344 351
293 298
61 63
217 221
91 96
149 161
154 193
137 145
194 200
227 229
287 297
142 146
171 181
258 299
329 340
343 344
257 261
396 408
38 72
282 300
126 130
171 223
199 219
170 171
84 140
284 293
34 35
95 101
156 159
7 51
262 266
37 100
265 312
193 198
86 87
96 109
215 218
284 296
114 115
244 255
283 324
163 198
199 205
318 346
225 227
78 87
326 331
163 199
50 74
66 168
344 402
293 300
371 378
113 169
137 144
171 238
195 236
87 95
199 238
263 305
318 382
204 205
13 49
261 293
16 19
259 285
6 7
403 404
377 378
148 177
261 288
156 177
377 382
95 96
148 153
354 359
75 94
177 181
11 12
230 270
205 239
19 38
260 264
335 336
113 171
209 213
103 104
389 390
122 127
195 267
257 296
304 306
173 174
298 314
97 105
353 361
122 130
125 126
285 298
344 368
86 89
93 97
107 108
284 295
288 314
305 325
51 66
50 174
125 127
342 349
195 238
205 206
345 355
348 357
226 238
112 113
94 107
207 232
302 336
147 222
196 219
202 240
195 231
124 127
112 114
264 266
260 295
57 58
210 213
181 184
200 240
50 75
281 291
258 281
353 363
120 166
356 359
353 367
339 340
284 285
137 166
121 145
73 87
9 16
32 51
126 133
235 261
186 187
149 153
100 133
260 283
263 272
153 158
210 218
208 243
227 232
227 239
261 297
96 97
208 215
118 124
147 225
134 143
128 130
138 144
266 288
30 32
100 122
31 50
275 286
387 400
165 174
38 45
181 185
374 386
296 297
340 342
94 95
343 350
12 13
106 109
225 238
130 134
171 173
237 250
216 288
64 113
115 127
258 266
120 130
199 204
147 192
298 300
21 22
47 50
51 176
157 158
51 183
174 224
212 231
292 298
148 159
385 391
351 354
90 108
201 206
117 164
104 122
304 308
51 188
172 177
308 309
378 389
13 35
70 71
87 133
378 381
199 236
41 92
291 301
219 232
272 306
288 293
94 97
219 229
234 237
221 223
157 165
329 381
340 341
386 395
56 144
211 242
231 241
85 162
188 271
74 77
94 108
299 312
154 161
295 301
195 226
272 339
155 161
105 122
270 294
37 38
216 240
5 16
235 237
199 200
51 187
238 240
223 233
347 359
175 183
48 80
292 296
287 299
261 267
272 347
341 379
404 408
329 377
6 11
258 261
328 383
374 389
330 331
33 37
367 396
103 113
46 54
51 65
24 73
202 211
272 385
36 44
285 309
326 373
232 236
162 181
40 85
51 144
174 185
218 229
281 314
277 286
327 333
402 403
16 33
258 292
214 218
9 11
262 293
292 295
42 67
328 381
166 207
359 374
150 153
114 146
287 292
79 80
64 65
339 342
335 337
318 341
51 164
12 26
200 206
90 96
278 286
70 73
41 77
90 99
307 323
81 83
375 389
5 11
148 156
41 51
148 169
87 88
108 111
187 190
199 201
335 399
194 247
104 106
344 355
230 360
339 345
75 76
281 301
11 23
361 367
39 47
91 97
283 299
175 179
235 296
123 131
262 300
67 74
121 131
107 136
143 146
156 158
318 380
88 144
171 233
200 205
160 164
260 267
49 78
272 340
307 312
374 381
161 173
302 370
328 380
330 333
261 315
260 265
47 73
70 88
34 36
173 184
332 358
173 178
173 182
399 403
231 236
115 188
334 360
161 183
225 235
90 111
218 221
272 379
76 81
179 251
260 282
309 314
93 100
242 245
258 283
307 325
250 252
402 405
2 40
154 156
176 177
260 299
356 358
195 278
94 112
91 93
170 173
112 132
96 105
11 16
156 183
295 297
105 109
198 238
47 51
206 240
74 102
377 384
329 384
357 358
230 260
129 146
163 191
227 240
259 297
93 105
334 340
283 293
260 292
37 50
88 142
198 205
231 238
40 84
19 42
257 297
169 180
282 299
176 182
167 172
292 294
245 250
115 132
261 299
297 312
264 309
326 354
68 80
195 219
284 294
273 315
333 350
233 236
389 409
195 266
232 255
377 379
36 66
132 135
112 188
188 214
133 134
169 172
10 15
113 168
272 345
85 141
210 219
252 256
264 300
199 240
258 298
42 60
202 215
285 297
153 156
122 128
340 348
199 237
58 78
230 353
264 272
279 300
292 301
315 318
348 354
43 88
359 376
97 104
282 285
71 72
85 160
187 243
149 156
225 229
88 89
50 143
37 44
162 165
339 343
117 169
51 52
198 206
2 108
229 234
123 128
152 162
199 227
103 122
86 88
196 205
124 133
174 175
261 266
276 278
122 144
210 229
285 287
156 224
112 171
204 207
285 292
237 239
51 154
118 132
293 296
126 127
50 168
269 270
3 42
291 298
197 238
374 403
232 235
50 177
61 70
209 210
237 240
183 211
164 184
5 19
232 238
51 205
95 97
16 36
148 155
157 174
164 183
318 379
399 408
70 72
100 106
67 210
140 146
37 49
161 165
59 63
378 383
99 106
157 170
345 400
379 384
74 75
51 173
